-28.1000004 0.00000000 0.00000000
-27.6000004 0.00000000 0.00000000
-27.1000004 0.00000000 0.00000000
-26.6000004 0.00000000 0.00000000
-26.1000004 0.00000000 0.00000000
-25.6000004 0.00000000 0.00000000
-25.1000004 2.60348478E-03 1.31247053E-03
-24.6000004 2.58037522E-02 3.87898018E-03
-24.1000004 0.114193141 8.52428470E-03
-23.6000004 0.286227345 1.45974196E-02
-23.1000004 0.536976397 2.14642007E-02
-22.6000004 0.833129346 2.79280059E-02
-22.1000004 1.19596219 3.37431505E-02
-21.6000004 1.39645195 3.67354192E-02
-21.1000004 1.41316068 3.64294611E-02
-20.6000004 1.18664289 3.34007293E-02
-20.1000004 1.12964106 3.21033411E-02
-19.6000004 1.13258016 3.98566052E-02
-19.1000004 1.32194960 5.93042821E-02
-18.6000004 1.03266466 0.125365257
-18.1000004 0.00000000 0.00000000
-17.6000004 0.00000000 0.00000000
-17.1000004 0.00000000 0.00000000
-16.6000004 0.00000000 0.00000000
-16.1000004 0.00000000 0.00000000
-15.6000004 0.00000000 0.00000000
-15.1000004 0.00000000 0.00000000
-14.6000004 0.00000000 0.00000000
-14.1000004 0.00000000 0.00000000
-13.6000004 0.00000000 0.00000000
