-28.1000004 0.00000000 0.00000000
-27.6000004 0.00000000 0.00000000
-27.1000004 0.00000000 0.00000000
-26.6000004 0.00000000 0.00000000
-26.1000004 0.00000000 0.00000000
-25.6000004 0.00000000 0.00000000
-25.1000004 0.00000000 0.00000000
-24.6000004 4.82475152E-04 4.94834152E-04
-24.1000004 7.69093726E-03 2.46340316E-03
-23.6000004 6.87046945E-02 8.27616919E-03
-23.1000004 0.270409703 1.92184150E-02
-22.6000004 0.523504913 3.04937102E-02
-22.1000004 0.841773450 4.03836034E-02
-21.6000004 1.10206234 4.81490009E-02
-21.1000004 1.28515255 5.34202717E-02
-20.6000004 1.66696763 6.15834221E-02
-20.1000004 2.00533485 6.81384802E-02
-19.6000004 2.11436224 9.27198902E-02
-19.1000004 2.13664222 0.139325842
-18.6000004 1.86611700 0.386749089
-18.1000004 0.00000000 0.00000000
-17.6000004 0.00000000 0.00000000
-17.1000004 0.00000000 0.00000000
-16.6000004 0.00000000 0.00000000
-16.1000004 0.00000000 0.00000000
-15.6000004 0.00000000 0.00000000
-15.1000004 0.00000000 0.00000000
-14.6000004 0.00000000 0.00000000
-14.1000004 0.00000000 0.00000000
-13.6000004 0.00000000 0.00000000
