-28.1000004 0.00000000 0.00000000
-27.6000004 0.00000000 0.00000000
-27.1000004 0.00000000 0.00000000
-26.6000004 0.00000000 0.00000000
-26.1000004 0.00000000 0.00000000
-25.6000004 6.79949706E-04 6.82223879E-04
-25.1000004 5.25237853E-03 1.64405932E-03
-24.6000004 3.33776660E-02 4.39988635E-03
-24.1000004 0.159009084 1.08138956E-02
-23.6000004 0.450181276 2.06728894E-02
-23.1000004 0.968681693 3.23705450E-02
-22.6000004 1.50784135 4.15954292E-02
-22.1000004 2.04329681 5.03065735E-02
-21.6000004 2.44342256 5.71261905E-02
-21.1000004 2.61227536 6.19087219E-02
-20.6000004 2.61691499 8.85865241E-02
-20.1000004 2.59391308 0.181510389
-19.6000004 0.00000000 0.00000000
-19.1000004 0.00000000 0.00000000
-18.6000004 0.00000000 0.00000000
-18.1000004 0.00000000 0.00000000
-17.6000004 0.00000000 0.00000000
-17.1000004 0.00000000 0.00000000
-16.6000004 0.00000000 0.00000000
-16.1000004 0.00000000 0.00000000
-15.6000004 0.00000000 0.00000000
-15.1000004 0.00000000 0.00000000
-14.6000004 0.00000000 0.00000000
-14.1000004 0.00000000 0.00000000
-13.6000004 0.00000000 0.00000000
