-28.1000004 0.00000000 0.00000000
-27.6000004 0.00000000 0.00000000
-27.1000004 0.00000000 0.00000000
-26.6000004 0.00000000 0.00000000
-26.1000004 0.00000000 0.00000000
-25.6000004 0.00000000 0.00000000
-25.1000004 0.00000000 0.00000000
-24.6000004 0.00000000 0.00000000
-24.1000004 0.00000000 0.00000000
-23.6000004 4.85605039E-02 1.32496404E-02
-23.1000004 0.156858265 2.68408842E-02
-22.6000004 0.358690679 4.63366583E-02
-22.1000004 0.647144914 6.81188926E-02
-21.6000004 0.891182065 8.00102428E-02
-21.1000004 1.14111423 9.46184620E-02
-20.6000004 1.36464870 0.107818753
-20.1000004 1.61812127 0.117518082
-19.6000004 1.77816892 0.126801848
-19.1000004 2.08400798 0.140685007
-18.6000004 2.67553234 0.167682409
-18.1000004 3.00765085 0.211196974
-17.6000004 3.63482785 0.359405756
-17.1000004 0.00000000 0.00000000
-16.6000004 0.00000000 0.00000000
-16.1000004 0.00000000 0.00000000
-15.6000004 0.00000000 0.00000000
-15.1000004 0.00000000 0.00000000
-14.6000004 0.00000000 0.00000000
-14.1000004 0.00000000 0.00000000
-13.6000004 0.00000000 0.00000000
