-28.1000004 0.00000000 0.00000000
-27.6000004 0.00000000 0.00000000
-27.1000004 0.00000000 0.00000000
-26.6000004 0.00000000 0.00000000
-26.1000004 0.00000000 0.00000000
-25.6000004 0.00000000 0.00000000
-25.1000004 3.14623164E-03 3.19167925E-03
-24.6000004 3.42697129E-02 1.00910906E-02
-24.1000004 9.16416496E-02 1.71271041E-02
-23.6000004 0.274389207 3.16129029E-02
-23.1000004 0.631220698 5.16578965E-02
-22.6000004 1.11406517 7.21414685E-02
-22.1000004 1.70202529 9.03768763E-02
-21.6000004 2.30781269 0.108126335
-21.1000004 2.70723367 0.119511671
-20.6000004 2.76546359 0.126060769
-20.1000004 2.85156584 0.133375064
-19.6000004 2.95972300 0.140730307
-19.1000004 3.21104050 0.151451677
-18.6000004 3.65208387 0.171252683
-18.1000004 3.95435405 0.218660876
-17.6000004 4.73100901 0.376770198
-17.1000004 0.00000000 0.00000000
-16.6000004 0.00000000 0.00000000
-16.1000004 0.00000000 0.00000000
-15.6000004 0.00000000 0.00000000
-15.1000004 0.00000000 0.00000000
-14.6000004 0.00000000 0.00000000
-14.1000004 0.00000000 0.00000000
-13.6000004 0.00000000 0.00000000
