-28.1000004 0.00000000 0.00000000
-27.6000004 0.00000000 0.00000000
-27.1000004 0.00000000 0.00000000
-26.6000004 0.00000000 0.00000000
-26.1000004 0.00000000 0.00000000
-25.6000004 0.00000000 0.00000000
-25.1000004 3.20617319E-03 1.45595544E-03
-24.6000004 2.98328660E-02 4.28673485E-03
-24.1000004 0.131543845 9.88412928E-03
-23.6000004 0.340519875 1.82533730E-02
-23.1000004 0.762884736 3.01126186E-02
-22.6000004 1.19012737 3.96651141E-02
-22.1000004 1.78971434 4.93738241E-02
-21.6000004 2.16124749 5.65507449E-02
-21.1000004 2.32142210 6.06196374E-02
-20.6000004 2.52987528 6.65730685E-02
-20.1000004 2.83376813 7.24341571E-02
-19.6000004 2.92249775 9.67470258E-02
-19.1000004 3.03962183 0.143903926
-18.6000004 2.60253072 0.382618964
-18.1000004 0.00000000 0.00000000
-17.6000004 0.00000000 0.00000000
-17.1000004 0.00000000 0.00000000
-16.6000004 0.00000000 0.00000000
-16.1000004 0.00000000 0.00000000
-15.6000004 0.00000000 0.00000000
-15.1000004 0.00000000 0.00000000
-14.6000004 0.00000000 0.00000000
-14.1000004 0.00000000 0.00000000
-13.6000004 0.00000000 0.00000000
