-28.1000004 0.00000000 0.00000000
-27.6000004 0.00000000 0.00000000
-27.1000004 0.00000000 0.00000000
-26.6000004 0.00000000 0.00000000
-26.1000004 0.00000000 0.00000000
-25.6000004 0.00000000 0.00000000
-25.1000004 4.43791319E-03 1.51224469E-03
-24.6000004 2.52562594E-02 3.64955841E-03
-24.1000004 0.131099418 8.81789811E-03
-23.6000004 0.336102724 1.50485244E-02
-23.1000004 0.637085736 2.22958066E-02
-22.6000004 0.969502628 2.82691810E-02
-22.1000004 1.26282930 3.26917917E-02
-21.6000004 1.33196402 3.38751860E-02
-21.1000004 1.25712979 3.33300605E-02
-20.6000004 1.02741706 4.12137806E-02
-20.1000004 0.795567870 6.73261061E-02
-19.6000004 0.00000000 0.00000000
-19.1000004 0.00000000 0.00000000
-18.6000004 0.00000000 0.00000000
-18.1000004 0.00000000 0.00000000
-17.6000004 0.00000000 0.00000000
-17.1000004 0.00000000 0.00000000
-16.6000004 0.00000000 0.00000000
-16.1000004 0.00000000 0.00000000
-15.6000004 0.00000000 0.00000000
-15.1000004 0.00000000 0.00000000
-14.6000004 0.00000000 0.00000000
-14.1000004 0.00000000 0.00000000
-13.6000004 0.00000000 0.00000000
