-28.1000004 0.00000000 0.00000000
-27.6000004 0.00000000 0.00000000
-27.1000004 0.00000000 0.00000000
-26.6000004 0.00000000 0.00000000
-26.1000004 0.00000000 0.00000000
-25.6000004 0.00000000 0.00000000
-25.1000004 0.00000000 0.00000000
-24.6000004 9.02705535E-04 8.38714535E-04
-24.1000004 1.57614611E-02 3.45194433E-03
-23.6000004 0.121940121 1.07207978E-02
-23.1000004 0.414241821 2.31350940E-02
-22.6000004 0.735535741 3.29208933E-02
-22.1000004 1.09426963 4.20516692E-02
-21.6000004 1.47050035 4.98897843E-02
-21.1000004 1.73199904 5.55891581E-02
-20.6000004 1.95035684 8.40508118E-02
-20.1000004 2.05423260 0.175379500
-19.6000004 0.00000000 0.00000000
-19.1000004 0.00000000 0.00000000
-18.6000004 0.00000000 0.00000000
-18.1000004 0.00000000 0.00000000
-17.6000004 0.00000000 0.00000000
-17.1000004 0.00000000 0.00000000
-16.6000004 0.00000000 0.00000000
-16.1000004 0.00000000 0.00000000
-15.6000004 0.00000000 0.00000000
-15.1000004 0.00000000 0.00000000
-14.6000004 0.00000000 0.00000000
-14.1000004 0.00000000 0.00000000
-13.6000004 0.00000000 0.00000000
