-28.1000004 0.00000000 0.00000000
-27.6000004 0.00000000 0.00000000
-27.1000004 0.00000000 0.00000000
-26.6000004 0.00000000 0.00000000
-26.1000004 0.00000000 0.00000000
-25.6000004 0.00000000 0.00000000
-25.1000004 0.00000000 0.00000000
-24.6000004 2.61451527E-02 8.49051680E-03
-24.1000004 9.59486812E-02 1.70752760E-02
-23.6000004 0.213370845 2.59841997E-02
-23.1000004 0.466775060 4.01653126E-02
-22.6000004 0.840498328 5.58761060E-02
-22.1000004 1.25185800 6.81249052E-02
-21.6000004 1.66621327 8.01871419E-02
-21.1000004 1.79185903 8.17133188E-02
-20.6000004 1.66245615 7.97826424E-02
-20.1000004 1.47687626 7.53136054E-02
-19.6000004 1.32111835 6.82755411E-02
-19.1000004 1.30611002 6.67352006E-02
-18.6000004 1.30790102 6.72001317E-02
-18.1000004 1.14169896 7.62509555E-02
-17.6000004 1.35242701 0.137557462
-17.1000004 0.00000000 0.00000000
-16.6000004 0.00000000 0.00000000
-16.1000004 0.00000000 0.00000000
-15.6000004 0.00000000 0.00000000
-15.1000004 0.00000000 0.00000000
-14.6000004 0.00000000 0.00000000
-14.1000004 0.00000000 0.00000000
-13.6000004 0.00000000 0.00000000
