-28.1000004 0.00000000 0.00000000
-27.6000004 0.00000000 0.00000000
-27.1000004 0.00000000 0.00000000
-26.6000004 0.00000000 0.00000000
-26.1000004 0.00000000 0.00000000
-25.6000004 0.00000000 0.00000000
-25.1000004 0.00000000 0.00000000
-24.6000004 2.15167645E-02 8.93833861E-03
-24.1000004 4.83023636E-02 1.44681213E-02
-23.6000004 0.172901168 2.84097642E-02
-23.1000004 0.411258250 4.53038886E-02
-22.6000004 0.784161031 6.62143603E-02
-22.1000004 1.16064322 8.16262290E-02
-21.6000004 1.55485427 9.68429968E-02
-21.1000004 1.68655682 9.97931808E-02
-20.6000004 1.69367385 0.101986580
-20.1000004 1.67450035 0.101456411
-19.6000004 1.66152883 0.100147747
-19.1000004 1.80511081 0.103885978
-18.6000004 1.97503531 0.112813443
-18.1000004 2.19763398 0.151058167
-17.6000004 3.01631713 0.274685204
-17.1000004 0.00000000 0.00000000
-16.6000004 0.00000000 0.00000000
-16.1000004 0.00000000 0.00000000
-15.6000004 0.00000000 0.00000000
-15.1000004 0.00000000 0.00000000
-14.6000004 0.00000000 0.00000000
-14.1000004 0.00000000 0.00000000
-13.6000004 0.00000000 0.00000000
