-28.1000004 0.00000000 0.00000000
-27.6000004 0.00000000 0.00000000
-27.1000004 0.00000000 0.00000000
-26.6000004 0.00000000 0.00000000
-26.1000004 0.00000000 0.00000000
-25.6000004 0.00000000 0.00000000
-25.1000004 0.00000000 0.00000000
-24.6000004 6.24363460E-02 2.28838827E-02
-24.1000004 0.246255279 4.70818132E-02
-23.6000004 0.548219502 7.33149946E-02
-23.1000004 1.04566932 0.104202509
-22.6000004 1.97797894 0.141395077
-22.1000004 2.68138790 0.167529851
-21.6000004 3.15365624 0.183287516
-21.1000004 3.41251802 0.188398138
-20.6000004 2.90255380 0.171629459
-20.1000004 2.76457548 0.168060049
-19.6000004 2.59776330 0.215881914
-19.1000004 2.94068933 0.305334002
-18.6000004 0.00000000 0.00000000
-18.1000004 0.00000000 0.00000000
-17.6000004 0.00000000 0.00000000
-17.1000004 0.00000000 0.00000000
-16.6000004 0.00000000 0.00000000
-16.1000004 0.00000000 0.00000000
-15.6000004 0.00000000 0.00000000
-15.1000004 0.00000000 0.00000000
-14.6000004 0.00000000 0.00000000
-14.1000004 0.00000000 0.00000000
-13.6000004 0.00000000 0.00000000
