-28.1000004 0.00000000 0.00000000
-27.6000004 0.00000000 0.00000000
-27.1000004 0.00000000 0.00000000
-26.6000004 0.00000000 0.00000000
-26.1000004 0.00000000 0.00000000
-25.6000004 0.00000000 0.00000000
-25.1000004 0.00000000 0.00000000
-24.6000004 0.00000000 0.00000000
-24.1000004 1.42262224E-02 5.24606928E-03
-23.6000004 0.124675021 1.75276045E-02
-23.1000004 0.408149064 3.55004631E-02
-22.6000004 0.737884462 5.24793193E-02
-22.1000004 1.05699801 6.65404946E-02
-21.6000004 1.47330332 7.90310875E-02
-21.1000004 1.76545811 8.83986950E-02
-20.6000004 2.07383490 0.144103557
-20.1000004 2.16049385 0.318189234
-19.6000004 0.00000000 0.00000000
-19.1000004 0.00000000 0.00000000
-18.6000004 0.00000000 0.00000000
-18.1000004 0.00000000 0.00000000
-17.6000004 0.00000000 0.00000000
-17.1000004 0.00000000 0.00000000
-16.6000004 0.00000000 0.00000000
-16.1000004 0.00000000 0.00000000
-15.6000004 0.00000000 0.00000000
-15.1000004 0.00000000 0.00000000
-14.6000004 0.00000000 0.00000000
-14.1000004 0.00000000 0.00000000
-13.6000004 0.00000000 0.00000000
