-28.1000004 0.00000000 0.00000000
-27.6000004 0.00000000 0.00000000
-27.1000004 0.00000000 0.00000000
-26.6000004 0.00000000 0.00000000
-26.1000004 0.00000000 0.00000000
-25.6000004 0.00000000 0.00000000
-25.1000004 0.00000000 0.00000000
-24.6000004 2.82395203E-02 1.52724795E-02
-24.1000004 8.55226517E-02 2.82702129E-02
-23.6000004 0.280122966 5.40105253E-02
-23.1000004 0.732886255 9.78040248E-02
-22.6000004 1.21815729 0.123369940
-22.1000004 1.97717977 0.162358671
-21.6000004 2.81684756 0.194290593
-21.1000004 3.21568060 0.213387072
-20.6000004 3.23615456 0.220130697
-20.1000004 3.54897118 0.237174392
-19.6000004 3.52586818 0.244800955
-19.1000004 3.79654670 0.264149904
-18.6000004 4.13462257 0.301680684
-18.1000004 4.43994808 0.381969720
-17.6000004 3.82754493 0.693963230
-17.1000004 0.00000000 0.00000000
-16.6000004 0.00000000 0.00000000
-16.1000004 0.00000000 0.00000000
-15.6000004 0.00000000 0.00000000
-15.1000004 0.00000000 0.00000000
-14.6000004 0.00000000 0.00000000
-14.1000004 0.00000000 0.00000000
-13.6000004 0.00000000 0.00000000
