-28.1000004 0.00000000 0.00000000
-27.6000004 0.00000000 0.00000000
-27.1000004 0.00000000 0.00000000
-26.6000004 0.00000000 0.00000000
-26.1000004 0.00000000 0.00000000
-25.6000004 0.00000000 0.00000000
-25.1000004 0.00000000 0.00000000
-24.6000004 0.00000000 0.00000000
-24.1000004 6.98773563E-03 2.64108833E-03
-23.6000004 6.09504692E-02 8.88171140E-03
-23.1000004 0.227403209 2.03076079E-02
-22.6000004 0.460853457 3.34396511E-02
-22.1000004 0.720943928 4.33558039E-02
-21.6000004 0.975731313 5.27402908E-02
-21.1000004 1.10539258 5.82397729E-02
-20.6000004 1.43116438 6.71398416E-02
-20.1000004 1.76841617 7.49848410E-02
-19.6000004 1.80461597 9.94785652E-02
-19.1000004 1.82186937 0.159162566
-18.6000004 1.66955304 0.465725809
-18.1000004 0.00000000 0.00000000
-17.6000004 0.00000000 0.00000000
-17.1000004 0.00000000 0.00000000
-16.6000004 0.00000000 0.00000000
-16.1000004 0.00000000 0.00000000
-15.6000004 0.00000000 0.00000000
-15.1000004 0.00000000 0.00000000
-14.6000004 0.00000000 0.00000000
-14.1000004 0.00000000 0.00000000
-13.6000004 0.00000000 0.00000000
