-28.1000004 0.00000000 0.00000000
-27.6000004 0.00000000 0.00000000
-27.1000004 0.00000000 0.00000000
-26.6000004 0.00000000 0.00000000
-26.1000004 0.00000000 0.00000000
-25.6000004 0.00000000 0.00000000
-25.1000004 4.32765530E-03 1.78439845E-03
-24.6000004 2.04378590E-02 3.98904551E-03
-24.1000004 0.115059048 9.93718579E-03
-23.6000004 0.267968774 1.64329112E-02
-23.1000004 0.508393824 2.47011688E-02
-22.6000004 0.766019404 3.13929506E-02
-22.1000004 0.945966601 3.60142626E-02
-21.6000004 0.985790014 3.74250971E-02
-21.1000004 0.939750791 3.67692038E-02
-20.6000004 0.797951281 4.35157381E-02
-20.1000004 0.583661318 6.76675066E-02
-19.6000004 0.00000000 0.00000000
-19.1000004 0.00000000 0.00000000
-18.6000004 0.00000000 0.00000000
-18.1000004 0.00000000 0.00000000
-17.6000004 0.00000000 0.00000000
-17.1000004 0.00000000 0.00000000
-16.6000004 0.00000000 0.00000000
-16.1000004 0.00000000 0.00000000
-15.6000004 0.00000000 0.00000000
-15.1000004 0.00000000 0.00000000
-14.6000004 0.00000000 0.00000000
-14.1000004 0.00000000 0.00000000
-13.6000004 0.00000000 0.00000000
