-28.1000004 0.00000000 0.00000000
-27.6000004 0.00000000 0.00000000
-27.1000004 0.00000000 0.00000000
-26.6000004 0.00000000 0.00000000
-26.1000004 0.00000000 0.00000000
-25.6000004 0.00000000 0.00000000
-25.1000004 0.00000000 0.00000000
-24.6000004 2.59698499E-02 2.65498795E-02
-24.1000004 0.245865360 8.55017081E-02
-23.6000004 0.417418778 0.112101480
-23.1000004 0.895153582 0.164618224
-22.6000004 1.62107205 0.224157497
-22.1000004 2.79764509 0.296152115
-21.6000004 3.03209496 0.307866365
-21.1000004 4.02080202 0.355510294
-20.6000004 3.63235879 0.339337468
-20.1000004 2.80835629 0.296250939
-19.6000004 3.62390924 0.334644169
-19.1000004 2.60266089 0.281657785
-18.6000004 3.16301346 0.306993514
-18.1000004 2.67044139 0.327590495
-17.6000004 2.65940905 0.519374728
-17.1000004 0.00000000 0.00000000
-16.6000004 0.00000000 0.00000000
-16.1000004 0.00000000 0.00000000
-15.6000004 0.00000000 0.00000000
-15.1000004 0.00000000 0.00000000
-14.6000004 0.00000000 0.00000000
-14.1000004 0.00000000 0.00000000
-13.6000004 0.00000000 0.00000000
