-28.1000004 0.00000000 0.00000000
-27.6000004 0.00000000 0.00000000
-27.1000004 0.00000000 0.00000000
-26.6000004 0.00000000 0.00000000
-26.1000004 0.00000000 0.00000000
-25.6000004 0.00000000 0.00000000
-25.1000004 0.00000000 0.00000000
-24.6000004 0.00000000 0.00000000
-24.1000004 0.00000000 0.00000000
-23.6000004 0.179666176 7.57398829E-02
-23.1000004 0.101826295 6.51094615E-02
-22.6000004 0.403784007 0.141396269
-22.1000004 0.556424558 0.171664283
-21.6000004 1.14075887 0.240700349
-21.1000004 1.07158625 0.260236561
-20.6000004 1.79063404 0.309586078
-20.1000004 2.09728909 0.334207296
-19.6000004 2.80087852 0.406593353
-19.1000004 3.08241987 0.420022517
-18.6000004 4.27395773 0.498870254
-18.1000004 5.14888239 0.627199650
-17.6000004 8.23425293 1.20554531
-17.1000004 0.00000000 0.00000000
-16.6000004 0.00000000 0.00000000
-16.1000004 0.00000000 0.00000000
-15.6000004 0.00000000 0.00000000
-15.1000004 0.00000000 0.00000000
-14.6000004 0.00000000 0.00000000
-14.1000004 0.00000000 0.00000000
-13.6000004 0.00000000 0.00000000
