-28.1000004 0.00000000 0.00000000
-27.6000004 0.00000000 0.00000000
-27.1000004 0.00000000 0.00000000
-26.6000004 0.00000000 0.00000000
-26.1000004 0.00000000 0.00000000
-25.6000004 0.00000000 0.00000000
-25.1000004 1.32098200E-03 1.32098200E-03
-24.6000004 2.58568767E-02 6.14900747E-03
-24.1000004 0.114895970 1.30657060E-02
-23.6000004 0.346325785 2.45002471E-02
-23.1000004 0.712836087 3.67579795E-02
-22.6000004 1.02974451 4.60056774E-02
-22.1000004 1.42838335 5.43011688E-02
-21.6000004 1.51415944 5.64395674E-02
-21.1000004 1.34020448 5.37042171E-02
-20.6000004 1.24201632 7.40261003E-02
-20.1000004 1.05871654 0.135591358
-19.6000004 0.00000000 0.00000000
-19.1000004 0.00000000 0.00000000
-18.6000004 0.00000000 0.00000000
-18.1000004 0.00000000 0.00000000
-17.6000004 0.00000000 0.00000000
-17.1000004 0.00000000 0.00000000
-16.6000004 0.00000000 0.00000000
-16.1000004 0.00000000 0.00000000
-15.6000004 0.00000000 0.00000000
-15.1000004 0.00000000 0.00000000
-14.6000004 0.00000000 0.00000000
-14.1000004 0.00000000 0.00000000
-13.6000004 0.00000000 0.00000000
