-28.1000004 0.00000000 0.00000000
-27.6000004 0.00000000 0.00000000
-27.1000004 0.00000000 0.00000000
-26.6000004 0.00000000 0.00000000
-26.1000004 0.00000000 0.00000000
-25.6000004 0.00000000 0.00000000
-25.1000004 3.03944433E-03 1.53224694E-03
-24.6000004 2.09227391E-02 4.04258678E-03
-24.1000004 9.08318758E-02 8.85224342E-03
-23.6000004 0.227439120 1.51971588E-02
-23.1000004 0.436848849 2.26101484E-02
-22.6000004 0.655732572 2.93455906E-02
-22.1000004 0.956496596 3.57622877E-02
-21.6000004 1.06588101 3.85298841E-02
-21.1000004 1.06971860 3.82533595E-02
-20.6000004 0.920321941 3.52892689E-02
-20.1000004 0.880800128 3.41535136E-02
-19.6000004 0.847621679 4.05346341E-02
-19.1000004 0.958675563 6.07578307E-02
-18.6000004 0.719973683 0.139883652
-18.1000004 0.00000000 0.00000000
-17.6000004 0.00000000 0.00000000
-17.1000004 0.00000000 0.00000000
-16.6000004 0.00000000 0.00000000
-16.1000004 0.00000000 0.00000000
-15.6000004 0.00000000 0.00000000
-15.1000004 0.00000000 0.00000000
-14.6000004 0.00000000 0.00000000
-14.1000004 0.00000000 0.00000000
-13.6000004 0.00000000 0.00000000
