-28.1000004 0.00000000 0.00000000
-27.6000004 0.00000000 0.00000000
-27.1000004 0.00000000 0.00000000
-26.6000004 0.00000000 0.00000000
-26.1000004 0.00000000 0.00000000
-25.6000004 0.00000000 0.00000000
-25.1000004 0.00000000 0.00000000
-24.6000004 2.97103897E-02 1.52644543E-02
-24.1000004 9.31808278E-02 2.82525755E-02
-23.6000004 0.215045869 4.41470481E-02
-23.1000004 0.580734015 7.76314214E-02
-22.6000004 1.00281167 0.103284724
-22.1000004 1.66808081 0.136082992
-21.6000004 2.43828344 0.162252963
-21.1000004 2.72067213 0.172252744
-20.6000004 2.67663860 0.169537857
-20.1000004 2.82519650 0.174841210
-19.6000004 2.76930618 0.172618151
-19.1000004 2.74495149 0.174135908
-18.6000004 2.95765615 0.183153436
-18.1000004 3.33057523 0.240347728
-17.6000004 4.00412226 0.516436398
-17.1000004 0.00000000 0.00000000
-16.6000004 0.00000000 0.00000000
-16.1000004 0.00000000 0.00000000
-15.6000004 0.00000000 0.00000000
-15.1000004 0.00000000 0.00000000
-14.6000004 0.00000000 0.00000000
-14.1000004 0.00000000 0.00000000
-13.6000004 0.00000000 0.00000000
