-28.1000004 0.00000000 0.00000000
-27.6000004 0.00000000 0.00000000
-27.1000004 0.00000000 0.00000000
-26.6000004 0.00000000 0.00000000
-26.1000004 0.00000000 0.00000000
-25.6000004 0.00000000 0.00000000
-25.1000004 0.00000000 0.00000000
-24.6000004 2.94877607E-02 7.88595993E-03
-24.1000004 0.142294824 1.78019218E-02
-23.6000004 0.367760718 3.05467267E-02
-23.1000004 0.644759953 4.27477770E-02
-22.6000004 1.03956735 5.62929064E-02
-22.1000004 1.45428908 6.63573146E-02
-21.6000004 1.90494049 7.53237754E-02
-21.1000004 1.92862904 7.48517513E-02
-20.6000004 1.52428102 6.68730810E-02
-20.1000004 1.42904389 6.41451403E-02
-19.6000004 1.62906826 8.68975520E-02
-19.1000004 2.02445388 0.133431152
-18.6000004 1.52343631 0.219131559
-18.1000004 0.00000000 0.00000000
-17.6000004 0.00000000 0.00000000
-17.1000004 0.00000000 0.00000000
-16.6000004 0.00000000 0.00000000
-16.1000004 0.00000000 0.00000000
-15.6000004 0.00000000 0.00000000
-15.1000004 0.00000000 0.00000000
-14.6000004 0.00000000 0.00000000
-14.1000004 0.00000000 0.00000000
-13.6000004 0.00000000 0.00000000
