-28.1000004 0.00000000 0.00000000
-27.6000004 0.00000000 0.00000000
-27.1000004 0.00000000 0.00000000
-26.6000004 0.00000000 0.00000000
-26.1000004 0.00000000 0.00000000
-25.6000004 0.00000000 0.00000000
-25.1000004 0.00000000 0.00000000
-24.6000004 3.66219133E-02 9.05104727E-03
-24.1000004 0.152219832 1.97578408E-02
-23.6000004 0.399181873 3.56615372E-02
-23.1000004 0.874365628 5.70511036E-02
-22.6000004 1.43534803 7.51016960E-02
-22.1000004 2.15379858 9.50245336E-02
-21.6000004 2.56354356 0.106274657
-21.1000004 2.93190050 0.116381831
-20.6000004 3.02232528 0.124964796
-20.1000004 3.14237142 0.133070499
-19.6000004 3.54717946 0.185481057
-19.1000004 4.10339499 0.273579061
-18.6000004 2.86796474 0.538554490
-18.1000004 0.00000000 0.00000000
-17.6000004 0.00000000 0.00000000
-17.1000004 0.00000000 0.00000000
-16.6000004 0.00000000 0.00000000
-16.1000004 0.00000000 0.00000000
-15.6000004 0.00000000 0.00000000
-15.1000004 0.00000000 0.00000000
-14.6000004 0.00000000 0.00000000
-14.1000004 0.00000000 0.00000000
-13.6000004 0.00000000 0.00000000
