-28.1000004 0.00000000 0.00000000
-27.6000004 0.00000000 0.00000000
-27.1000004 0.00000000 0.00000000
-26.6000004 0.00000000 0.00000000
-26.1000004 0.00000000 0.00000000
-25.6000004 0.00000000 0.00000000
-25.1000004 0.00000000 0.00000000
-24.6000004 6.30300194E-02 2.28897128E-02
-24.1000004 0.203621849 4.21866477E-02
-23.6000004 0.477131784 6.71021938E-02
-23.1000004 1.14013946 0.107707463
-22.6000004 2.09765267 0.144808233
-22.1000004 2.86956692 0.173221782
-21.6000004 3.46891761 0.191160157
-21.1000004 3.88853884 0.201365367
-20.6000004 3.51639485 0.190006554
-20.1000004 3.33342648 0.184599087
-19.6000004 3.20176196 0.242275774
-19.1000004 3.56792283 0.345942557
-18.6000004 0.00000000 0.00000000
-18.1000004 0.00000000 0.00000000
-17.6000004 0.00000000 0.00000000
-17.1000004 0.00000000 0.00000000
-16.6000004 0.00000000 0.00000000
-16.1000004 0.00000000 0.00000000
-15.6000004 0.00000000 0.00000000
-15.1000004 0.00000000 0.00000000
-14.6000004 0.00000000 0.00000000
-14.1000004 0.00000000 0.00000000
-13.6000004 0.00000000 0.00000000
