-28.1000004 0.00000000 0.00000000
-27.6000004 0.00000000 0.00000000
-27.1000004 0.00000000 0.00000000
-26.6000004 0.00000000 0.00000000
-26.1000004 0.00000000 0.00000000
-25.6000004 0.00000000 0.00000000
-25.1000004 0.00000000 0.00000000
-24.6000004 1.13579608E-03 1.05528173E-03
-24.1000004 1.42077897E-02 3.92885646E-03
-23.6000004 0.106717378 1.20892972E-02
-23.1000004 0.370705187 2.68639196E-02
-22.6000004 0.656751692 3.77296433E-02
-22.1000004 0.982793689 4.76005785E-02
-21.6000004 1.30673301 5.71878590E-02
-21.1000004 1.52014589 6.37190714E-02
-20.6000004 1.64761949 9.08639133E-02
-20.1000004 1.72456968 0.186083242
-19.6000004 0.00000000 0.00000000
-19.1000004 0.00000000 0.00000000
-18.6000004 0.00000000 0.00000000
-18.1000004 0.00000000 0.00000000
-17.6000004 0.00000000 0.00000000
-17.1000004 0.00000000 0.00000000
-16.6000004 0.00000000 0.00000000
-16.1000004 0.00000000 0.00000000
-15.6000004 0.00000000 0.00000000
-15.1000004 0.00000000 0.00000000
-14.6000004 0.00000000 0.00000000
-14.1000004 0.00000000 0.00000000
-13.6000004 0.00000000 0.00000000
