-28.1000004 0.00000000 0.00000000
-27.6000004 0.00000000 0.00000000
-27.1000004 0.00000000 0.00000000
-26.6000004 0.00000000 0.00000000
-26.1000004 0.00000000 0.00000000
-25.6000004 0.00000000 0.00000000
-25.1000004 0.00000000 0.00000000
-24.6000004 2.35771690E-03 2.41811178E-03
-24.1000004 4.69987327E-03 4.01782244E-03
-23.6000004 6.94151744E-02 1.48244547E-02
-23.1000004 0.313413441 3.86154838E-02
-22.6000004 0.537499666 5.51854149E-02
-22.1000004 0.940086305 7.61009976E-02
-21.6000004 1.07552433 8.41914117E-02
-21.1000004 1.37858129 9.66072828E-02
-20.6000004 1.79799843 0.112032048
-20.1000004 2.02766824 0.122584842
-19.6000004 2.30924964 0.171114728
-19.1000004 2.40793109 0.243451312
-18.6000004 1.91306865 0.536698937
-18.1000004 0.00000000 0.00000000
-17.6000004 0.00000000 0.00000000
-17.1000004 0.00000000 0.00000000
-16.6000004 0.00000000 0.00000000
-16.1000004 0.00000000 0.00000000
-15.6000004 0.00000000 0.00000000
-15.1000004 0.00000000 0.00000000
-14.6000004 0.00000000 0.00000000
-14.1000004 0.00000000 0.00000000
-13.6000004 0.00000000 0.00000000
