-28.1000004 0.00000000 0.00000000
-27.6000004 0.00000000 0.00000000
-27.1000004 0.00000000 0.00000000
-26.6000004 0.00000000 0.00000000
-26.1000004 0.00000000 0.00000000
-25.6000004 0.00000000 0.00000000
-25.1000004 0.00000000 0.00000000
-24.6000004 2.90860068E-02 1.52652329E-02
-24.1000004 9.13977399E-02 2.82539446E-02
-23.6000004 0.251558483 4.86687906E-02
-23.1000004 0.537643552 7.49054179E-02
-22.6000004 0.888923526 9.61045027E-02
-22.1000004 1.57900214 0.129883870
-21.6000004 2.04156542 0.147224605
-21.1000004 2.36575317 0.158145800
-20.6000004 2.13739324 0.150925890
-20.1000004 2.00770807 0.145526215
-19.6000004 1.70736229 0.131407574
-19.1000004 1.86369979 0.136057928
-18.6000004 1.59361649 0.126305193
-18.1000004 1.68775558 0.159639701
-17.6000004 1.74765456 0.310381562
-17.1000004 0.00000000 0.00000000
-16.6000004 0.00000000 0.00000000
-16.1000004 0.00000000 0.00000000
-15.6000004 0.00000000 0.00000000
-15.1000004 0.00000000 0.00000000
-14.6000004 0.00000000 0.00000000
-14.1000004 0.00000000 0.00000000
-13.6000004 0.00000000 0.00000000
