-28.1000004 0.00000000 0.00000000
-27.6000004 0.00000000 0.00000000
-27.1000004 0.00000000 0.00000000
-26.6000004 0.00000000 0.00000000
-26.1000004 0.00000000 0.00000000
-25.6000004 0.00000000 0.00000000
-25.1000004 1.34581979E-02 1.00311982E-02
-24.6000004 4.94597144E-02 2.05914006E-02
-24.1000004 0.152335942 3.51061597E-02
-23.6000004 0.542101383 7.12182745E-02
-23.1000004 0.924876928 9.57811847E-02
-22.6000004 1.91074646 0.140142664
-22.1000004 2.68952394 0.165261254
-21.6000004 3.05911803 0.176723883
-21.1000004 2.74935436 0.168644518
-20.6000004 2.52972865 0.225486845
-20.1000004 1.86160398 0.348009855
-19.6000004 0.00000000 0.00000000
-19.1000004 0.00000000 0.00000000
-18.6000004 0.00000000 0.00000000
-18.1000004 0.00000000 0.00000000
-17.6000004 0.00000000 0.00000000
-17.1000004 0.00000000 0.00000000
-16.6000004 0.00000000 0.00000000
-16.1000004 0.00000000 0.00000000
-15.6000004 0.00000000 0.00000000
-15.1000004 0.00000000 0.00000000
-14.6000004 0.00000000 0.00000000
-14.1000004 0.00000000 0.00000000
-13.6000004 0.00000000 0.00000000
