-28.1000004 0.00000000 0.00000000
-27.6000004 0.00000000 0.00000000
-27.1000004 0.00000000 0.00000000
-26.6000004 0.00000000 0.00000000
-26.1000004 0.00000000 0.00000000
-25.6000004 0.00000000 0.00000000
-25.1000004 3.84099921E-03 3.89648275E-03
-24.6000004 3.19745466E-02 1.13467006E-02
-24.1000004 7.29680359E-02 1.85157470E-02
-23.6000004 0.214470550 3.40966135E-02
-23.1000004 0.500618637 5.49327433E-02
-22.6000004 0.886875689 7.93173388E-02
-22.1000004 1.30712259 9.78045389E-02
-21.6000004 1.75168180 0.117555432
-21.1000004 2.05900645 0.128909469
-20.6000004 2.10760689 0.136997178
-20.1000004 2.14974904 0.146525845
-19.6000004 2.19833064 0.155760631
-19.1000004 2.47260356 0.167669266
-18.6000004 2.81748033 0.187530696
-18.1000004 3.09101415 0.250040948
-17.6000004 3.84078622 0.394411236
-17.1000004 0.00000000 0.00000000
-16.6000004 0.00000000 0.00000000
-16.1000004 0.00000000 0.00000000
-15.6000004 0.00000000 0.00000000
-15.1000004 0.00000000 0.00000000
-14.6000004 0.00000000 0.00000000
-14.1000004 0.00000000 0.00000000
-13.6000004 0.00000000 0.00000000
