-28.1000004 0.00000000 0.00000000
-27.6000004 0.00000000 0.00000000
-27.1000004 0.00000000 0.00000000
-26.6000004 0.00000000 0.00000000
-26.1000004 0.00000000 0.00000000
-25.6000004 0.00000000 0.00000000
-25.1000004 0.00000000 0.00000000
-24.6000004 6.02456070E-02 2.28854325E-02
-24.1000004 0.285700470 5.30150495E-02
-23.6000004 0.563614249 8.02649036E-02
-23.1000004 1.35764408 0.128387511
-22.6000004 2.58249497 0.176148847
-22.1000004 3.40855765 0.210975587
-21.6000004 4.32537031 0.240856364
-21.1000004 4.94785023 0.261668801
-20.6000004 5.02326250 0.272024482
-20.1000004 5.30451632 0.288853049
-19.6000004 5.11758566 0.383546591
-19.1000004 6.27955675 0.574921668
-18.6000004 0.00000000 0.00000000
-18.1000004 0.00000000 0.00000000
-17.6000004 0.00000000 0.00000000
-17.1000004 0.00000000 0.00000000
-16.6000004 0.00000000 0.00000000
-16.1000004 0.00000000 0.00000000
-15.6000004 0.00000000 0.00000000
-15.1000004 0.00000000 0.00000000
-14.6000004 0.00000000 0.00000000
-14.1000004 0.00000000 0.00000000
-13.6000004 0.00000000 0.00000000
