-28.1000004 0.00000000 0.00000000
-27.6000004 0.00000000 0.00000000
-27.1000004 0.00000000 0.00000000
-26.6000004 0.00000000 0.00000000
-26.1000004 0.00000000 0.00000000
-25.6000004 0.00000000 0.00000000
-25.1000004 2.41117855E-03 1.71795546E-03
-24.6000004 2.80271154E-02 6.40428066E-03
-24.1000004 0.131839439 1.42556829E-02
-23.6000004 0.401227027 2.70027332E-02
-23.1000004 0.772423208 3.88877615E-02
-22.6000004 1.14265466 4.87921238E-02
-22.1000004 1.60525775 5.78477457E-02
-21.6000004 1.71595836 5.97070344E-02
-21.1000004 1.59738970 5.84460795E-02
-20.6000004 1.22461808 7.52502307E-02
-20.1000004 1.04645395 0.139581352
-19.6000004 0.00000000 0.00000000
-19.1000004 0.00000000 0.00000000
-18.6000004 0.00000000 0.00000000
-18.1000004 0.00000000 0.00000000
-17.6000004 0.00000000 0.00000000
-17.1000004 0.00000000 0.00000000
-16.6000004 0.00000000 0.00000000
-16.1000004 0.00000000 0.00000000
-15.6000004 0.00000000 0.00000000
-15.1000004 0.00000000 0.00000000
-14.6000004 0.00000000 0.00000000
-14.1000004 0.00000000 0.00000000
-13.6000004 0.00000000 0.00000000
