-28.1000004 0.00000000 0.00000000
-27.6000004 0.00000000 0.00000000
-27.1000004 0.00000000 0.00000000
-26.6000004 0.00000000 0.00000000
-26.1000004 0.00000000 0.00000000
-25.6000004 0.00000000 0.00000000
-25.1000004 1.34316739E-02 1.00314086E-02
-24.6000004 5.76369464E-02 2.27192827E-02
-24.1000004 0.169938087 3.86931933E-02
-23.6000004 0.603702724 7.77892321E-02
-23.1000004 1.02109253 0.102357700
-22.6000004 2.10508132 0.148562282
-22.1000004 3.06134367 0.177728400
-21.6000004 3.33034587 0.185945794
-21.1000004 3.11663675 0.181388766
-20.6000004 2.46445823 0.223660946
-20.1000004 2.21654129 0.372814476
-19.6000004 0.00000000 0.00000000
-19.1000004 0.00000000 0.00000000
-18.6000004 0.00000000 0.00000000
-18.1000004 0.00000000 0.00000000
-17.6000004 0.00000000 0.00000000
-17.1000004 0.00000000 0.00000000
-16.6000004 0.00000000 0.00000000
-16.1000004 0.00000000 0.00000000
-15.6000004 0.00000000 0.00000000
-15.1000004 0.00000000 0.00000000
-14.6000004 0.00000000 0.00000000
-14.1000004 0.00000000 0.00000000
-13.6000004 0.00000000 0.00000000
