-28.1000004 0.00000000 0.00000000
-27.6000004 0.00000000 0.00000000
-27.1000004 0.00000000 0.00000000
-26.6000004 0.00000000 0.00000000
-26.1000004 0.00000000 0.00000000
-25.6000004 0.00000000 0.00000000
-25.1000004 1.36017334E-03 9.69118322E-04
-24.6000004 2.80726887E-02 4.74952767E-03
-24.1000004 0.133837745 1.07208835E-02
-23.6000004 0.376661301 1.93696786E-02
-23.1000004 0.698126733 2.75081657E-02
-22.6000004 1.08644569 3.53991315E-02
-22.1000004 1.54835236 4.22198474E-02
-21.6000004 1.81465924 4.54558134E-02
-21.1000004 1.78982615 4.51919027E-02
-20.6000004 1.48315084 4.88555618E-02
-20.1000004 1.46541166 5.60194142E-02
-19.6000004 1.63497531 7.32839406E-02
-19.1000004 1.92645252 9.73748714E-02
-18.6000004 1.53300631 0.112987652
-18.1000004 1.68121147 0.159020722
-17.6000004 0.00000000 0.00000000
-17.1000004 0.00000000 0.00000000
-16.6000004 0.00000000 0.00000000
-16.1000004 0.00000000 0.00000000
-15.6000004 0.00000000 0.00000000
-15.1000004 0.00000000 0.00000000
-14.6000004 0.00000000 0.00000000
-14.1000004 0.00000000 0.00000000
-13.6000004 0.00000000 0.00000000
