-28.1000004 0.00000000 0.00000000
-27.6000004 0.00000000 0.00000000
-27.1000004 0.00000000 0.00000000
-26.6000004 0.00000000 0.00000000
-26.1000004 0.00000000 0.00000000
-25.6000004 0.00000000 0.00000000
-25.1000004 0.00000000 0.00000000
-24.6000004 0.00000000 0.00000000
-24.1000004 2.11203862E-02 9.73089505E-03
-23.6000004 0.116310008 2.59496477E-02
-23.1000004 0.382394135 5.19970655E-02
-22.6000004 0.681440532 7.34388307E-02
-22.1000004 0.997145236 9.74438041E-02
-21.6000004 1.57054579 0.120788895
-21.1000004 1.89200258 0.131043658
-20.6000004 2.42950797 0.164510757
-20.1000004 2.71619272 0.197715342
-19.6000004 2.98211479 0.260611147
-19.1000004 3.32665586 0.330511272
-18.6000004 4.42309380 0.516277909
-18.1000004 0.00000000 0.00000000
-17.6000004 0.00000000 0.00000000
-17.1000004 0.00000000 0.00000000
-16.6000004 0.00000000 0.00000000
-16.1000004 0.00000000 0.00000000
-15.6000004 0.00000000 0.00000000
-15.1000004 0.00000000 0.00000000
-14.6000004 0.00000000 0.00000000
-14.1000004 0.00000000 0.00000000
-13.6000004 0.00000000 0.00000000
