-28.1000004 0.00000000 0.00000000
-27.6000004 0.00000000 0.00000000
-27.1000004 0.00000000 0.00000000
-26.6000004 0.00000000 0.00000000
-26.1000004 0.00000000 0.00000000
-25.6000004 0.00000000 0.00000000
-25.1000004 0.00000000 0.00000000
-24.6000004 8.93135264E-04 9.16013727E-04
-24.1000004 9.81604494E-03 3.33125773E-03
-23.6000004 9.33190361E-02 1.11695053E-02
-23.1000004 0.352253020 2.46656835E-02
-22.6000004 0.644768476 3.66507098E-02
-22.1000004 0.989430070 4.79356088E-02
-21.6000004 1.28679454 5.52811585E-02
-21.1000004 1.58435857 6.28292114E-02
-20.6000004 1.83607733 8.24795216E-02
-20.1000004 1.97079682 0.102179013
-19.6000004 2.14463997 0.135316074
-19.1000004 2.27179646 0.173916936
-18.6000004 2.68891931 0.272208303
-18.1000004 2.96574712 0.358297169
-17.6000004 0.00000000 0.00000000
-17.1000004 0.00000000 0.00000000
-16.6000004 0.00000000 0.00000000
-16.1000004 0.00000000 0.00000000
-15.6000004 0.00000000 0.00000000
-15.1000004 0.00000000 0.00000000
-14.6000004 0.00000000 0.00000000
-14.1000004 0.00000000 0.00000000
-13.6000004 0.00000000 0.00000000
