-28.1000004 0.00000000 0.00000000
-27.6000004 0.00000000 0.00000000
-27.1000004 0.00000000 0.00000000
-26.6000004 0.00000000 0.00000000
-26.1000004 0.00000000 0.00000000
-25.6000004 0.00000000 0.00000000
-25.1000004 2.02745502E-03 1.19108998E-03
-24.6000004 3.52077670E-02 5.57850860E-03
-24.1000004 0.154457122 1.25531293E-02
-23.6000004 0.436596662 2.35952362E-02
-23.1000004 0.971206248 3.71214971E-02
-22.6000004 1.54854107 4.85667288E-02
-22.1000004 2.22301912 5.96955717E-02
-21.6000004 2.72558951 6.77786171E-02
-21.1000004 2.98550248 7.36074820E-02
-20.6000004 3.02109933 9.10917819E-02
-20.1000004 3.11945128 0.111923181
-19.6000004 3.51280618 0.150645226
-19.1000004 3.90857697 0.195009395
-18.6000004 3.78920269 0.275192380
-18.1000004 4.42469120 0.380657136
-17.6000004 0.00000000 0.00000000
-17.1000004 0.00000000 0.00000000
-16.6000004 0.00000000 0.00000000
-16.1000004 0.00000000 0.00000000
-15.6000004 0.00000000 0.00000000
-15.1000004 0.00000000 0.00000000
-14.6000004 0.00000000 0.00000000
-14.1000004 0.00000000 0.00000000
-13.6000004 0.00000000 0.00000000
