-28.1000004 0.00000000 0.00000000
-27.6000004 0.00000000 0.00000000
-27.1000004 0.00000000 0.00000000
-26.6000004 0.00000000 0.00000000
-26.1000004 0.00000000 0.00000000
-25.6000004 4.15559276E-04 4.16949159E-04
-25.1000004 3.75385489E-03 1.15281739E-03
-24.6000004 2.55788062E-02 3.17599415E-03
-24.1000004 0.119764909 7.65861990E-03
-23.6000004 0.316626400 1.43613145E-02
-23.1000004 0.708499193 2.35024262E-02
-22.6000004 1.09506166 3.05092186E-02
-22.1000004 1.55086863 3.71867977E-02
-21.6000004 1.86873841 4.27892059E-02
-21.1000004 2.00151348 4.59978692E-02
-20.6000004 2.08745837 5.45807593E-02
-20.1000004 2.31609726 6.80606589E-02
-19.6000004 2.34548712 8.78713578E-02
-19.1000004 2.39838123 0.117688738
-18.6000004 2.75705695 0.182703927
-18.1000004 3.11973214 0.252364039
-17.6000004 3.87647009 0.398075640
-17.1000004 0.00000000 0.00000000
-16.6000004 0.00000000 0.00000000
-16.1000004 0.00000000 0.00000000
-15.6000004 0.00000000 0.00000000
-15.1000004 0.00000000 0.00000000
-14.6000004 0.00000000 0.00000000
-14.1000004 0.00000000 0.00000000
-13.6000004 0.00000000 0.00000000
