-28.1000004 0.00000000 0.00000000
-27.6000004 0.00000000 0.00000000
-27.1000004 0.00000000 0.00000000
-26.6000004 0.00000000 0.00000000
-26.1000004 0.00000000 0.00000000
-25.6000004 0.00000000 0.00000000
-25.1000004 0.00000000 0.00000000
-24.6000004 0.00000000 0.00000000
-24.1000004 2.44596452E-02 1.61169916E-02
-23.6000004 0.145966619 4.54211198E-02
-23.1000004 0.488410652 9.21040922E-02
-22.6000004 0.744479537 0.120544396
-22.1000004 1.11850321 0.161621541
-21.6000004 1.63915169 0.195090756
-21.1000004 2.18744540 0.218995854
-20.6000004 2.64912963 0.330245912
-20.1000004 3.20807600 0.704913199
-19.6000004 0.00000000 0.00000000
-19.1000004 0.00000000 0.00000000
-18.6000004 0.00000000 0.00000000
-18.1000004 0.00000000 0.00000000
-17.6000004 0.00000000 0.00000000
-17.1000004 0.00000000 0.00000000
-16.6000004 0.00000000 0.00000000
-16.1000004 0.00000000 0.00000000
-15.6000004 0.00000000 0.00000000
-15.1000004 0.00000000 0.00000000
-14.6000004 0.00000000 0.00000000
-14.1000004 0.00000000 0.00000000
-13.6000004 0.00000000 0.00000000
