-28.1000004 0.00000000 0.00000000
-27.6000004 0.00000000 0.00000000
-27.1000004 0.00000000 0.00000000
-26.6000004 0.00000000 0.00000000
-26.1000004 0.00000000 0.00000000
-25.6000004 0.00000000 0.00000000
-25.1000004 0.00000000 0.00000000
-24.6000004 0.00000000 0.00000000
-24.1000004 0.00000000 0.00000000
-23.6000004 4.00625356E-02 1.45999370E-02
-23.1000004 0.129660279 2.86919270E-02
-22.6000004 0.285777360 4.90831621E-02
-22.1000004 0.569999695 7.50932470E-02
-21.6000004 0.759783924 9.04786959E-02
-21.1000004 0.997138441 0.104186237
-20.6000004 1.16175628 0.120367885
-20.1000004 1.33154643 0.132194921
-19.6000004 1.47677672 0.145663068
-19.1000004 1.73115981 0.157917842
-18.6000004 2.17454290 0.185322031
-18.1000004 2.53593540 0.245771766
-17.6000004 3.14468527 0.382356733
-17.1000004 0.00000000 0.00000000
-16.6000004 0.00000000 0.00000000
-16.1000004 0.00000000 0.00000000
-15.6000004 0.00000000 0.00000000
-15.1000004 0.00000000 0.00000000
-14.6000004 0.00000000 0.00000000
-14.1000004 0.00000000 0.00000000
-13.6000004 0.00000000 0.00000000
