-28.1000004 0.00000000 0.00000000
-27.6000004 0.00000000 0.00000000
-27.1000004 0.00000000 0.00000000
-26.6000004 0.00000000 0.00000000
-26.1000004 0.00000000 0.00000000
-25.6000004 8.54976999E-04 8.57836567E-04
-25.1000004 4.94271237E-03 1.91088778E-03
-24.6000004 2.71501038E-02 4.79522301E-03
-24.1000004 0.138465956 1.21550709E-02
-23.6000004 0.378278345 2.34080423E-02
-23.1000004 0.809775054 3.69521119E-02
-22.6000004 1.25114691 4.70707417E-02
-22.1000004 1.67062449 5.69160357E-02
-21.6000004 1.97611916 6.46626651E-02
-21.1000004 2.13741803 7.05651566E-02
-20.6000004 2.11629725 9.53714028E-02
-20.1000004 2.16681767 0.196642324
-19.6000004 0.00000000 0.00000000
-19.1000004 0.00000000 0.00000000
-18.6000004 0.00000000 0.00000000
-18.1000004 0.00000000 0.00000000
-17.6000004 0.00000000 0.00000000
-17.1000004 0.00000000 0.00000000
-16.6000004 0.00000000 0.00000000
-16.1000004 0.00000000 0.00000000
-15.6000004 0.00000000 0.00000000
-15.1000004 0.00000000 0.00000000
-14.6000004 0.00000000 0.00000000
-14.1000004 0.00000000 0.00000000
-13.6000004 0.00000000 0.00000000
