-28.1000004 0.00000000 0.00000000
-27.6000004 0.00000000 0.00000000
-27.1000004 0.00000000 0.00000000
-26.6000004 0.00000000 0.00000000
-26.1000004 0.00000000 0.00000000
-25.6000004 0.00000000 0.00000000
-25.1000004 3.72714875E-03 1.69253559E-03
-24.6000004 2.38605067E-02 4.42206487E-03
-24.1000004 0.106712207 1.03192655E-02
-23.6000004 0.281522334 1.93342157E-02
-23.1000004 0.634361744 3.25391367E-02
-22.6000004 0.952231228 4.25621755E-02
-22.1000004 1.45086801 5.27128242E-02
-21.6000004 1.75594258 6.11742698E-02
-21.1000004 1.82793498 6.47491291E-02
-20.6000004 2.05049801 7.20016211E-02
-20.1000004 2.37501645 7.92008564E-02
-19.6000004 2.37618971 0.102900475
-19.1000004 2.33355784 0.156428933
-18.6000004 2.29382706 0.489318669
-18.1000004 0.00000000 0.00000000
-17.6000004 0.00000000 0.00000000
-17.1000004 0.00000000 0.00000000
-16.6000004 0.00000000 0.00000000
-16.1000004 0.00000000 0.00000000
-15.6000004 0.00000000 0.00000000
-15.1000004 0.00000000 0.00000000
-14.6000004 0.00000000 0.00000000
-14.1000004 0.00000000 0.00000000
-13.6000004 0.00000000 0.00000000
