-28.1000004 0.00000000 0.00000000
-27.6000004 0.00000000 0.00000000
-27.1000004 0.00000000 0.00000000
-26.6000004 0.00000000 0.00000000
-26.1000004 0.00000000 0.00000000
-25.6000004 0.00000000 0.00000000
-25.1000004 0.00000000 0.00000000
-24.6000004 2.65486073E-02 2.65486073E-02
-24.1000004 0.220322847 8.04092661E-02
-23.6000004 0.570583701 0.128481776
-23.1000004 0.922266960 0.167460486
-22.6000004 1.98213887 0.249678463
-22.1000004 3.12537980 0.313239604
-21.6000004 3.64866018 0.341431350
-21.1000004 4.41860294 0.376457095
-20.6000004 4.62612820 0.384334683
-20.1000004 3.96290469 0.357551157
-19.6000004 5.43740320 0.422098279
-19.1000004 5.18549919 0.409278065
-18.6000004 6.09599924 0.444972366
-18.1000004 7.12494612 0.565977693
-17.6000004 10.5491581 1.11306334
-17.1000004 0.00000000 0.00000000
-16.6000004 0.00000000 0.00000000
-16.1000004 0.00000000 0.00000000
-15.6000004 0.00000000 0.00000000
-15.1000004 0.00000000 0.00000000
-14.6000004 0.00000000 0.00000000
-14.1000004 0.00000000 0.00000000
-13.6000004 0.00000000 0.00000000
