-28.1000004 0.00000000 0.00000000
-27.6000004 0.00000000 0.00000000
-27.1000004 0.00000000 0.00000000
-26.6000004 0.00000000 0.00000000
-26.1000004 0.00000000 0.00000000
-25.6000004 0.00000000 0.00000000
-25.1000004 1.32997762E-02 1.00327842E-02
-24.6000004 7.25294128E-02 2.58094985E-02
-24.1000004 0.180331334 4.34132218E-02
-23.6000004 0.699495852 9.40111354E-02
-23.1000004 1.36976194 0.131512538
-22.6000004 2.62160063 0.187736884
-22.1000004 3.77695131 0.229049802
-21.6000004 4.46204567 0.256052315
-21.1000004 4.77672005 0.271700948
-20.6000004 4.61990738 0.386519819
-20.1000004 4.81233978 0.745449245
-19.6000004 0.00000000 0.00000000
-19.1000004 0.00000000 0.00000000
-18.6000004 0.00000000 0.00000000
-18.1000004 0.00000000 0.00000000
-17.6000004 0.00000000 0.00000000
-17.1000004 0.00000000 0.00000000
-16.6000004 0.00000000 0.00000000
-16.1000004 0.00000000 0.00000000
-15.6000004 0.00000000 0.00000000
-15.1000004 0.00000000 0.00000000
-14.6000004 0.00000000 0.00000000
-14.1000004 0.00000000 0.00000000
-13.6000004 0.00000000 0.00000000
