-28.1000004 0.00000000 0.00000000
-27.6000004 0.00000000 0.00000000
-27.1000004 0.00000000 0.00000000
-26.6000004 0.00000000 0.00000000
-26.1000004 0.00000000 0.00000000
-25.6000004 0.00000000 0.00000000
-25.1000004 1.48275262E-03 1.05279894E-03
-24.6000004 1.44618629E-02 3.31469416E-03
-24.1000004 7.42834583E-02 7.94282649E-03
-23.6000004 0.233393505 1.49943354E-02
-23.1000004 0.450730085 2.27357093E-02
-22.6000004 0.694519937 3.01444381E-02
-22.1000004 1.04127133 3.72437201E-02
-21.6000004 1.21362460 4.12955433E-02
-21.1000004 1.21681261 4.10020836E-02
-20.6000004 1.17892265 4.05456796E-02
-20.1000004 1.11627614 3.89591530E-02
-19.6000004 1.15912330 5.03225364E-02
-19.1000004 1.29935896 7.63411000E-02
-18.6000004 1.09830856 0.191693380
-18.1000004 0.00000000 0.00000000
-17.6000004 0.00000000 0.00000000
-17.1000004 0.00000000 0.00000000
-16.6000004 0.00000000 0.00000000
-16.1000004 0.00000000 0.00000000
-15.6000004 0.00000000 0.00000000
-15.1000004 0.00000000 0.00000000
-14.6000004 0.00000000 0.00000000
-14.1000004 0.00000000 0.00000000
-13.6000004 0.00000000 0.00000000
