-28.1000004 0.00000000 0.00000000
-27.6000004 0.00000000 0.00000000
-27.1000004 0.00000000 0.00000000
-26.6000004 0.00000000 0.00000000
-26.1000004 0.00000000 0.00000000
-25.6000004 0.00000000 0.00000000
-25.1000004 0.00000000 0.00000000
-24.6000004 2.54554003E-02 2.65510101E-02
-24.1000004 0.237879679 8.55080038E-02
-23.6000004 0.655782342 0.145418778
-23.1000004 0.916245520 0.177030414
-22.6000004 1.98178601 0.262280792
-22.1000004 3.22285438 0.336747944
-21.6000004 4.01168251 0.382342577
-21.1000004 5.08538246 0.439576775
-20.6000004 5.37808275 0.459119141
-20.1000004 4.85039902 0.445260614
-19.6000004 6.41336536 0.527161062
-19.1000004 5.67578268 0.502789199
-18.6000004 7.24315596 0.582633734
-18.1000004 7.64093208 0.704845607
-17.6000004 10.6332483 1.30137742
-17.1000004 0.00000000 0.00000000
-16.6000004 0.00000000 0.00000000
-16.1000004 0.00000000 0.00000000
-15.6000004 0.00000000 0.00000000
-15.1000004 0.00000000 0.00000000
-14.6000004 0.00000000 0.00000000
-14.1000004 0.00000000 0.00000000
-13.6000004 0.00000000 0.00000000
