-28.1000004 0.00000000 0.00000000
-27.6000004 0.00000000 0.00000000
-27.1000004 0.00000000 0.00000000
-26.6000004 0.00000000 0.00000000
-26.1000004 0.00000000 0.00000000
-25.6000004 0.00000000 0.00000000
-25.1000004 1.32005895E-03 9.38802317E-04
-24.6000004 1.71735436E-02 3.69229913E-03
-24.1000004 0.103589088 9.35118273E-03
-23.6000004 0.259962142 1.57849696E-02
-23.1000004 0.493329614 2.38248631E-02
-22.6000004 0.756298184 3.08043547E-02
-22.1000004 0.896573544 3.49258706E-02
-21.6000004 0.982987404 3.66582125E-02
-21.1000004 0.820959687 3.44988704E-02
-20.6000004 0.711687446 4.10934314E-02
-20.1000004 0.603535771 6.96637630E-02
-19.6000004 0.00000000 0.00000000
-19.1000004 0.00000000 0.00000000
-18.6000004 0.00000000 0.00000000
-18.1000004 0.00000000 0.00000000
-17.6000004 0.00000000 0.00000000
-17.1000004 0.00000000 0.00000000
-16.6000004 0.00000000 0.00000000
-16.1000004 0.00000000 0.00000000
-15.6000004 0.00000000 0.00000000
-15.1000004 0.00000000 0.00000000
-14.6000004 0.00000000 0.00000000
-14.1000004 0.00000000 0.00000000
-13.6000004 0.00000000 0.00000000
