-28.1000004 0.00000000 0.00000000
-27.6000004 0.00000000 0.00000000
-27.1000004 0.00000000 0.00000000
-26.6000004 0.00000000 0.00000000
-26.1000004 0.00000000 0.00000000
-25.6000004 0.00000000 0.00000000
-25.1000004 0.00000000 0.00000000
-24.6000004 2.90055498E-02 7.68419588E-03
-24.1000004 0.128837243 1.67442691E-02
-23.6000004 0.352877140 2.92753354E-02
-23.1000004 0.646813929 4.27560285E-02
-22.6000004 1.13084507 5.79369962E-02
-22.1000004 1.69010246 7.17316493E-02
-21.6000004 2.03659081 7.80083910E-02
-21.1000004 2.14266849 7.98873380E-02
-20.6000004 1.86209917 7.45216236E-02
-20.1000004 1.81005549 7.36067072E-02
-19.6000004 2.11055684 0.101901583
-19.1000004 2.56781411 0.158935681
-18.6000004 2.29492927 0.293444633
-18.1000004 0.00000000 0.00000000
-17.6000004 0.00000000 0.00000000
-17.1000004 0.00000000 0.00000000
-16.6000004 0.00000000 0.00000000
-16.1000004 0.00000000 0.00000000
-15.6000004 0.00000000 0.00000000
-15.1000004 0.00000000 0.00000000
-14.6000004 0.00000000 0.00000000
-14.1000004 0.00000000 0.00000000
-13.6000004 0.00000000 0.00000000
