-28.1000004 0.00000000 0.00000000
-27.6000004 0.00000000 0.00000000
-27.1000004 0.00000000 0.00000000
-26.6000004 0.00000000 0.00000000
-26.1000004 0.00000000 0.00000000
-25.6000004 0.00000000 0.00000000
-25.1000004 0.00000000 0.00000000
-24.6000004 0.00000000 0.00000000
-24.1000004 2.34273616E-02 1.50565421E-02
-23.6000004 6.61316067E-02 2.98914183E-02
-23.1000004 0.366622984 7.48977661E-02
-22.6000004 0.699651241 0.109595053
-22.1000004 1.02143049 0.144937783
-21.6000004 1.61021590 0.179425567
-21.1000004 1.90018380 0.192196116
-20.6000004 2.48515582 0.222177759
-20.1000004 2.82801986 0.239696503
-19.6000004 2.98946977 0.327180356
-19.1000004 3.41451025 0.490980655
-18.6000004 0.00000000 0.00000000
-18.1000004 0.00000000 0.00000000
-17.6000004 0.00000000 0.00000000
-17.1000004 0.00000000 0.00000000
-16.6000004 0.00000000 0.00000000
-16.1000004 0.00000000 0.00000000
-15.6000004 0.00000000 0.00000000
-15.1000004 0.00000000 0.00000000
-14.6000004 0.00000000 0.00000000
-14.1000004 0.00000000 0.00000000
-13.6000004 0.00000000 0.00000000
