-28.1000004 0.00000000 0.00000000
-27.6000004 0.00000000 0.00000000
-27.1000004 0.00000000 0.00000000
-26.6000004 0.00000000 0.00000000
-26.1000004 0.00000000 0.00000000
-25.6000004 0.00000000 0.00000000
-25.1000004 0.00000000 0.00000000
-24.6000004 0.00000000 0.00000000
-24.1000004 0.00000000 0.00000000
-23.6000004 2.98427306E-02 1.78568903E-02
-23.1000004 0.185550719 5.01847900E-02
-22.6000004 0.432881445 8.82073566E-02
-22.1000004 0.631509721 0.114957288
-21.6000004 0.907770932 0.133404031
-21.1000004 1.12312675 0.159050062
-20.6000004 1.35906494 0.177491188
-20.1000004 1.78721368 0.199335068
-19.6000004 1.85183048 0.208021268
-19.1000004 2.16590405 0.235635683
-18.6000004 2.84914660 0.292376161
-18.1000004 2.97644234 0.359589279
-17.6000004 2.00774693 0.623324573
-17.1000004 0.00000000 0.00000000
-16.6000004 0.00000000 0.00000000
-16.1000004 0.00000000 0.00000000
-15.6000004 0.00000000 0.00000000
-15.1000004 0.00000000 0.00000000
-14.6000004 0.00000000 0.00000000
-14.1000004 0.00000000 0.00000000
-13.6000004 0.00000000 0.00000000
