-28.1000004 0.00000000 0.00000000
-27.6000004 0.00000000 0.00000000
-27.1000004 0.00000000 0.00000000
-26.6000004 0.00000000 0.00000000
-26.1000004 0.00000000 0.00000000
-25.6000004 0.00000000 0.00000000
-25.1000004 0.00000000 0.00000000
-24.6000004 2.18389370E-02 9.21187084E-03
-24.1000004 7.62668028E-02 1.84926800E-02
-23.6000004 0.162453935 2.75570806E-02
-23.1000004 0.360179424 4.27556634E-02
-22.6000004 0.671664655 6.07388057E-02
-22.1000004 0.902326524 7.20124468E-02
-21.6000004 1.25856662 8.63937363E-02
-21.1000004 1.25977647 8.58025476E-02
-20.6000004 1.18930554 8.50141719E-02
-20.1000004 1.04721129 8.00403878E-02
-19.6000004 0.901677012 7.14280456E-02
-19.1000004 0.891875446 6.93822354E-02
-18.6000004 0.946004927 7.11288303E-02
-18.1000004 0.735379696 7.91068971E-02
-17.6000004 0.993582547 0.138669014
-17.1000004 0.00000000 0.00000000
-16.6000004 0.00000000 0.00000000
-16.1000004 0.00000000 0.00000000
-15.6000004 0.00000000 0.00000000
-15.1000004 0.00000000 0.00000000
-14.6000004 0.00000000 0.00000000
-14.1000004 0.00000000 0.00000000
-13.6000004 0.00000000 0.00000000
