-28.1000004 0.00000000 0.00000000
-27.6000004 0.00000000 0.00000000
-27.1000004 0.00000000 0.00000000
-26.6000004 0.00000000 0.00000000
-26.1000004 0.00000000 0.00000000
-25.6000004 0.00000000 0.00000000
-25.1000004 3.59239453E-03 2.11046124E-03
-24.6000004 3.66555043E-02 7.75880693E-03
-24.1000004 0.164344907 1.76111087E-02
-23.6000004 0.492125452 3.41697000E-02
-23.1000004 1.08635724 5.27221709E-02
-22.6000004 1.66143274 6.83285743E-02
-22.1000004 2.29768085 8.23664591E-02
-21.6000004 2.81680775 9.42530409E-02
-21.1000004 2.94651008 0.101033308
-20.6000004 2.98403502 0.153786212
-20.1000004 2.70176482 0.325322717
-19.6000004 0.00000000 0.00000000
-19.1000004 0.00000000 0.00000000
-18.6000004 0.00000000 0.00000000
-18.1000004 0.00000000 0.00000000
-17.6000004 0.00000000 0.00000000
-17.1000004 0.00000000 0.00000000
-16.6000004 0.00000000 0.00000000
-16.1000004 0.00000000 0.00000000
-15.6000004 0.00000000 0.00000000
-15.1000004 0.00000000 0.00000000
-14.6000004 0.00000000 0.00000000
-14.1000004 0.00000000 0.00000000
-13.6000004 0.00000000 0.00000000
