-28.1000004 0.00000000 0.00000000
-27.6000004 0.00000000 0.00000000
-27.1000004 0.00000000 0.00000000
-26.6000004 0.00000000 0.00000000
-26.1000004 0.00000000 0.00000000
-25.6000004 0.00000000 0.00000000
-25.1000004 3.10252304E-03 1.04302610E-03
-24.6000004 2.03339159E-02 2.74423626E-03
-24.1000004 0.101421371 6.44994806E-03
-23.6000004 0.239558056 1.07071837E-02
-23.1000004 0.464560926 1.60652716E-02
-22.6000004 0.707892716 2.07542721E-02
-22.1000004 0.947772264 2.44343989E-02
-21.6000004 1.04542720 2.61383671E-02
-21.1000004 1.02776361 2.58607399E-02
-20.6000004 0.911500156 2.68102288E-02
-20.1000004 0.874412060 2.97568850E-02
-19.6000004 0.863486230 3.58499698E-02
-19.1000004 0.933077693 4.69010845E-02
-18.6000004 0.923666537 6.68334812E-02
-18.1000004 0.742575169 7.98809305E-02
-17.6000004 1.00330448 0.140025854
-17.1000004 0.00000000 0.00000000
-16.6000004 0.00000000 0.00000000
-16.1000004 0.00000000 0.00000000
-15.6000004 0.00000000 0.00000000
-15.1000004 0.00000000 0.00000000
-14.6000004 0.00000000 0.00000000
-14.1000004 0.00000000 0.00000000
-13.6000004 0.00000000 0.00000000
