-28.1000004 0.00000000 0.00000000
-27.6000004 0.00000000 0.00000000
-27.1000004 0.00000000 0.00000000
-26.6000004 0.00000000 0.00000000
-26.1000004 0.00000000 0.00000000
-25.6000004 0.00000000 0.00000000
-25.1000004 0.00000000 0.00000000
-24.6000004 5.51681616E-04 5.12573984E-04
-24.1000004 1.01386653E-02 2.26697279E-03
-23.6000004 7.93091357E-02 7.06662377E-03
-23.1000004 0.284891695 1.57530159E-02
-22.6000004 0.540802956 2.39614993E-02
-22.1000004 0.837593317 3.09363119E-02
-21.6000004 1.12077487 3.72350737E-02
-21.1000004 1.30232716 4.13106233E-02
-20.6000004 1.48561537 5.11785224E-02
-20.1000004 1.69629931 6.42293394E-02
-19.6000004 1.73516881 8.43271539E-02
-19.1000004 1.78895307 0.115679145
-18.6000004 2.11881495 0.180227458
-18.1000004 2.55821466 0.247930974
-17.6000004 3.17231250 0.385715902
-17.1000004 0.00000000 0.00000000
-16.6000004 0.00000000 0.00000000
-16.1000004 0.00000000 0.00000000
-15.6000004 0.00000000 0.00000000
-15.1000004 0.00000000 0.00000000
-14.6000004 0.00000000 0.00000000
-14.1000004 0.00000000 0.00000000
-13.6000004 0.00000000 0.00000000
