-28.1000004 0.00000000 0.00000000
-27.6000004 0.00000000 0.00000000
-27.1000004 0.00000000 0.00000000
-26.6000004 0.00000000 0.00000000
-26.1000004 0.00000000 0.00000000
-25.6000004 0.00000000 0.00000000
-25.1000004 5.91433048E-03 4.46151895E-03
-24.6000004 6.22121170E-02 1.56870130E-02
-24.1000004 0.236365914 3.22846062E-02
-23.6000004 0.626975477 5.73185980E-02
-23.1000004 1.30848241 8.39754865E-02
-22.6000004 2.52497983 0.118169568
-22.1000004 3.51849318 0.143267125
-21.6000004 4.34142113 0.162293911
-21.1000004 4.91192150 0.175715908
-20.6000004 5.03849316 0.205074668
-20.1000004 5.20956707 0.239229277
-19.6000004 5.70862532 0.316820025
-19.1000004 6.11207485 0.390196264
-18.6000004 7.47489977 0.601275027
-18.1000004 0.00000000 0.00000000
-17.6000004 0.00000000 0.00000000
-17.1000004 0.00000000 0.00000000
-16.6000004 0.00000000 0.00000000
-16.1000004 0.00000000 0.00000000
-15.6000004 0.00000000 0.00000000
-15.1000004 0.00000000 0.00000000
-14.6000004 0.00000000 0.00000000
-14.1000004 0.00000000 0.00000000
-13.6000004 0.00000000 0.00000000
