-28.1000004 0.00000000 0.00000000
-27.6000004 0.00000000 0.00000000
-27.1000004 0.00000000 0.00000000
-26.6000004 0.00000000 0.00000000
-26.1000004 0.00000000 0.00000000
-25.6000004 0.00000000 0.00000000
-25.1000004 5.97298471E-03 4.46090708E-03
-24.6000004 5.66210561E-02 1.47109404E-02
-24.1000004 0.214743614 2.91856918E-02
-23.6000004 0.548953652 4.89111207E-02
-23.1000004 1.01856089 6.77671060E-02
-22.6000004 1.99399364 9.49254632E-02
-22.1000004 2.83430386 0.113696016
-21.6000004 3.19923377 0.121278167
-21.1000004 3.40161443 0.124860324
-20.6000004 2.95944571 0.130456075
-20.1000004 2.76972032 0.140919045
-19.6000004 3.03602958 0.187541708
-19.1000004 2.83373237 0.212323561
-18.6000004 3.26421356 0.316815734
-18.1000004 0.00000000 0.00000000
-17.6000004 0.00000000 0.00000000
-17.1000004 0.00000000 0.00000000
-16.6000004 0.00000000 0.00000000
-16.1000004 0.00000000 0.00000000
-15.6000004 0.00000000 0.00000000
-15.1000004 0.00000000 0.00000000
-14.6000004 0.00000000 0.00000000
-14.1000004 0.00000000 0.00000000
-13.6000004 0.00000000 0.00000000
